table_size = 1048576, batch_size = 1024, proof_time = 0.024944065
table_size = 1048576, batch_size = 1024, ver_time = 0.009566174
table_size = 1048576, batch_size = 4096, proof_time = 0.095754573
table_size = 1048576, batch_size = 4096, ver_time = 0.01178499
